*chiredzi: http://en.climate-data.org/location/55090/
Latitude : -21.038889 | Longitude : 31.677778
mm 119 113 60 30 9 9 3 5 12 27 72 107
T 26.3 25.3 24.4 22.5 19.5 17.0 17.1 19.4 22.3 24.7 25.4 26.0
Tmin 20.1 18.8 18.5 15.7 11.5 8.9 8.5 10.7 18.7 17.2 18.7 19.5
Tmax 32.5 31.1 30.5 29.3 27.6 25.2 25.7 28.1 30.9 32.2 32.2 32.5

*triangle: http://en.climate-data.org/location/55091/
Latitude : -21.027778 | Longitude : 31.451389
mm 114 108 75 29 9 8 4 4 11 24 68 102
T 26.3 25.2 24.3 22.3 19.3 16.9 16.9 19.3 22.3 24.5 25.4 26.1
Tmin 20.2 19.4 18.1 15.2 11.0 8.4 7.8 10.1 18.5 16.7 18.8 19.6
Tmax 32.5 31.1 30.5 29.5 27.7 25.4 26.1 28.5 31.2 32.4 32.3 32.6

*pafuri: http://en.climate-data.org/location/924361/
Latitude : -22.450097 | Longitude : 31.321279
mm 90 77 36 22 10 5 2 2 10 17 54 86
T 28.2 28.0 26.9 25.4 21.7 18.9 19.0 20.9 23.8 26.9 27.2 28.2
Tmin 21.5 22.0 20.5 18.1 13.6 10.2 10.0 12.0 15.6 19.1 20.4 21.4
Tmax 35.0 34.0 33.6 32.7 29.9 27.7 28.0 29.9 32.1 34.7 34.1 35.1

*masvingo: http://en.climate-data.org/location/3050/
Latitude : -20.074444 | Longitude : 30.832778
mm 140 112 80 22 8 7 2 3 6 23 77 143
T 22.4 21.8 20.9 19.4 16.6 14.1 14.1 16.6 19.7 22.2 22.1 22.2
Tmin 17.1 18.8 15.2 13.0 9.3 6.6 8.2 8.5 11.6 14.9 18.1 16.8
Tmax 27.7 27.1 26.6 25.8 24.0 21.6 22.1 24.7 27.8 29.5 28.2 27.7

*gweru: http://en.climate-data.org/location/3057/
Latitude : -19.461389 | Longitude : 29.802222
mm 144 130 72 29 7 4 1 1 7 31 99 159
T 20.9 20.5 19.3 18.2 15.3 13.0 12.8 15.0 18.7 21.5 21.1 20.8
Tmin 15.4 15.1 14.5 11.8 8.2 5.7 5.4 7.2 10.7 13.9 14.9 15.5
Tmax 26.4 26.0 25.3 24.6 22.5 20.3 20.3 22.9 28.7 29.1 27.4 26.4

*west-nicholson: http://en.climate-data.org/location/30094/
Latitude : -21.066667 | Longitude : 29.366667
mm 102 94 50 28 8 6 2 3 10 25 67 82
T 24.3 23.7 22.6 20.6 17.5 14.5 14.3 16.9 20.3 23.3 24.1 24.2
Tmin 18.3 17.9 16.2 15.4 6.6 5.6 5.0 7.6 11.6 15.6 17.4 18.1
Tmax 30.4 29.6 29.1 27.9 26.2 23.4 23.7 26.2 29.1 31.1 30.8 30.3

*harare: http://en.climate-data.org/location/3530/
Latitude : -17.863889 | Longitude : 31.029722
mm 187 169 97 35 11 3 1 2 6 32 97 181
T 20.5 20.2 19.8 16.7 16.1 13.7 13.8 16.0 16.9 21.4 20.9 20.7
Tmin 15.5 15.2 14.1 12.3 9.0 6.5 6.3 8.3 11.1 14.2 15.1 15.6
Tmax 25.6 25.3 25.6 25.1 23.3 21.0 2.1.3 23.7 26.8 26.6 26.8 25.8

*mutare: http://en.climate-data.org/location/3059/
Latitude : -18.966667 | Longitude : 32.633333
mm 172 157 94 31 13 9 7 7 15 43 95 186
T 22.3 21.9 21.1 20.0 17.3 14.6 14.6 16.3 19.2 21.7 21.9 22.1
Tmin 17.0 18.9 18.0 14.2 10.7 8.4 8.2 9.5 12.2 14.8 18.1 16.6
Tmax 27.6 26.9 26.2 25.9 23.9 20.9 2.1.1 23.1 28.2 28.7 27.8 27.6

*birchenough-bridge: http://en.climate-data.org/location/925098/
Latitude : -19.965656 | Longitude : 32.33626
mm 82 87 50 17 11 4 1 2 7 23 67 96
T 25.6 25.7 24.4 23.0 19.9 17.1 16.8 18.8 21.9 25.5 26.0 25.8
Tmin 19.8 18.8 18.0 15.7 1.1.8 8.9 8.1 8.9 18.2 17.3 13.2 19.8
Tmax 31.4 31.8 30.9 30.4 28.1 25.3 25.5 27.8 30.7 33.7 32.8 31.8

*chimanimani: http://en.climate-data.org/location/55830/
Latitude : -19.80324 | Longitude : 32.873312
mm 235 224 156 68 31 32 13 24 19 50 117 237
T 18.5 18.3 17.3 16.1 14.0 11.7 11.6 13.4 15.9 18.0 18.4 18.5
Tmin 14.5 14.2 13.8 11.8 9.5 7.5 7.3 8.8 10.6 12.7 13.7 14.5
Tmax 22.6 22.4 21.4 20.4 18.5 15.9 15.9 18.3 21.2 23.3 23.1 22.7

*phalaborwa: http://en.climate-data.org/location/15344/
Latitude : -23.942443 | Longitude : 31.140922
mm 104 89 73 27 15 4 9 6 19 37 68 92
T 26.1 25.5 24.6 22.5 19.7 17.0 17.3 19.0 21.4 22.8 24.1 25.3
Tmin 20.6 20.2 19.8 16.4 12.8 9.4 9.9 11.7 14.5 16.7 18.3 19.5
Tmax 31.7 30.9 29.9 23.7 26.9 24.7 24.7 26.3 28.4 23.9 30.0 31.2

*mutoko: http://en.climate-data.org/location/30925/
Latitude : -17.4 | Longitude : 32.216667
mm 179 154 79 27 8 4 1 1 7 18 75 180
T 21.6 21.4 20.9 19.8 17.3 15.0 14.8 16.6 19.4 22.1 22.1 21.3
Tmin 16.9 18.7 15.5 13.8 10.7 8.4 8.1 8.8 12.4 15.8 18.4 16.8
Tmax 26.3 26.2 28.3 25.8 24.0 21.7 21.5 23.7 28.4 28.7 27.8 26.3

*malipati: http://en.climate-data.org/location/924364/
Latitude : -22.071143 | Longitude : 31.41276
mm 96 92 39 26 7 7 2 2 10 18 63 92
T 27.7 27.1 26.2 24.6 21.7 19.2 19.2 21.2 23.8 26.0 26.7 27.6
Tmin 21.4 21.2 19.8 17.7 13.9 11.1 10.9 12.8 15.8 18.5 20.0 21.0
Tmax 34.1 33.1 32.6 31.5 29.5 27.4 27.6 29.6 31.9 33.5 33.5 34.2

*rutenga: http://en.climate-data.org/location/924366/
Latitude : -21.25 | Longitude : 30.733333
mm 120 101 62 24 8 6 2 2 9 28 64 86
T 25.6 24.8 23.6 21.8 18.5 15.6 15.6 17.9 21.3 24.4 25.2 25.4
Tmin 19.7 19.2 17.7 14.8 10.2 7.1 6.6 6.0 12.9 16.6 18.5 19.2
Tmax 31.5 30.4 29.6 26.9 26.9 24.2 24.7 26.8 29.7 32.1 31.9 31.7

*massangena: http://en.climate-data.org/location/773043/
Latitude : -21.546863 | Longitude : 32.950809
mm 139 130 45 31 10 17 2 6 9 22 88 126
T 27.9 27.4 26.4 24.9 21.7 19.2 13.6 20.7 23.9 26.1 27.2 27.5
Tmin 22.3 21.8 20.5 18.4 13.9 11.2 9.3 12.5 15.5 19.2 21.0 21.5
Tmax 33.5 33.1 32.4 31.4 29.5 27.3 27.4 28.9 31.5 33.0 33.5 33.6

*machaila: http://en.climate-data.org/location/417470/
Latitude : -22.255538 | Longitude : 32.915591
mm 111 112 40 26 9 11 2 2 6 21 70 105
T 27.5 27.6 23.5 25.2 21.9 19.5 19.1 21.2 24.0 25.9 27.1 27.6
Tmin 22.0 21.7 20.4 19.0 14.4 11.9 11.1 13.3 16.3 18.7 20.5 21.4
Tmax 33.1 33.5 32.6 31.5 29.4 27.1 27.2 29.2 31.8 33.1 33.7 33.8

*chigubo: http://en.climate-data.org/location/56546/
Latitude : -22.958897 | Longitude : 33.348615
mm 129 138 42 27 14 11 4 3 4 24 59 127
T 27.5 27.5 26.2 25.8 21.5 19.6 19.6 21.4 24.2 25.5 26.6 27.3
Tmin 21.7 21.5 20.2 20.3 14.5 12.6 12.6 13.3 16.5 18.2 19.8 21.0
Tmax 33.4 33.6 32.2 31.4 26.6 26.7 27.1 29.1 31.9 32.8 33.5 33.6

*pelane: http://en.climate-data.org/location/417535/
Latitude : -24.251347 | Longitude : 32.854271
mm 111 107 69 39 22 17 14 12 17 34 72 93
T 27.7 27.4 26.3 24.5 21.6 19.3 18.9 21.4 23.4 25.1 26.6 28.0
Tmin 21.3 21.2 19.9 18.0 14.3 11.7 11.1 13.5 15.6 17.8 20.0 21.3
Tmax 34.1 33.6 32.7 31.1 29.0 26.9 26.7 29.3 31.2 32.5 33.7 34.7

*chokwe: http://en.climate-data.org/location/765242/
Latitude : -24.532317 | Longitude : 32.9832
mm 120 118 66 43 27 21 16 16 21 38 73 103
T 27.3 27.0 25.7 24.2 21.4 18.9 10.6 20.5 22.8 24.8 20.0 27.0
Tmin 21.0 21.0 19.5 17.8 14.3 11.7 11.1 12.9 15.5 17.8 19.3 20.4
Tmax 33.7 33.1 32.0 30.7 28.8 26.2 26.1 28.1 30.4 32.0 32.8 33.6

*chinhacanine: http://en.climate-data.org/location/417534/
Latitude : -22.265556 | Longitude : 32.9375
mm 115 112 68 41 24 19 15 14 19 36 73 98
T 27.6 27.3 23.0 24.4 21.5 19.2 13.7 21.0 23.1 24.9 26.6 27.5
Tmin 21.2 21.2 19.7 17.8 14.3 11.7 11.0 13.3 15.5 17.7 19.8 20.9
Tmax 34.0 33.4 32.4 30.9 28.8 26.7 26.5 28.8 30.3 32.2 33.4 34.2

*conhane: http://en.climate-data.org/location/925085/
Latitude : -24.7 | Longitude : 33.133333
mm 124 140 89 58 40 28 20 20 25 42 74 108
T 26.8 26.4 25.5 23.9 21.4 19.1 13.6 20.1 22.5 24.3 25.4 26.4
Tmin 20.5 20.5 19.8 17.6 14.5 12.1 11.3 12.3 15.2 17.2 18.7 19.8
Tmax 33.1 32.4 31.7 30.3 28.3 26.1 25.9 27.5 29.9 31.4 32.2 33.0

*chipinge: http://en.climate-data.org/location/30808/
Latitude : -20.2 | Longitude : 32.62
mm 227 210 143 58 27 27 19 24 24 49 111 214
T 21.2 20.9 20.2 18.9 16.9 14.7 14.6 16.3 18.3 20.3 20.8 20.9
Tmin 16.6 16.5 15.6 15.6 11.5 9.6 9.2 10.3 12.1 14.3 15.5 16.2
Tmax 25.8 25.4 24.6 24.0 22.4 19.9 20.1 22.3 24.6 26.4 26.1 25.7

*chibuwe: http://en.climate-data.org/location/925089/
Latitude : -20.55 | Longitude : 32.4
mm 106 92 52 18 9 7 3 4 7 25 68 104
T 25.5 25.0 24.2 22.6 20.1 17.5 17.4 19.3 22.0 24.4 25.0 25.2
Tmin 19.5 18.3 18.0 15.6 12.1 9.4 8.7 10.5 18.5 13.3 18.4 19.2
Tmax 31.5 30.7 30.4 29.7 28.1 25.7 26.2 28.2 30.3 32.3 31.7 31.3

*chibunge: http://en.climate-data.org/location/925088/
Latitude : -20.531219 | Longitude : 32.391815
mm 117 108 61 22 12 9 4 6 10 28 72 116
T 25.4 25.0 24.1 22.5 19.7 17.3 17.2 19.2 21.9 24.3 25.1 25.4
Tmin 19.5 18.4 18.1 15.7 12.0 9.5 8.7 10.7 18.4 16.7 13.8 19.4
Tmax 31.4 30.6 30.2 29.3 27.5 25.3 25.7 27.7 30.4 31.9 31.6 31.4

*espungabera: http://en.climate-data.org/location/56537/
Latitude : -20.455033 | Longitude : 32.780236
mm 273 247 215 73 31 34 23 30 30 55 118 224
T 21.6 21.2 20.4 19.3 17.1 14.7 14.7 16.3 18.5 20.4 21.0 21.4
Tmin 16.9 16.8 15.9 14.4 11.7 9.6 9.3 10.5 12.4 14.5 15.7 16.5
Tmax 26.4 25.7 25.0 24.2 22.5 19.9 20.2 22.2 24.6 26.3 26.3 26.3

*checheche: http://en.climate-data.org/location/925087/
Latitude : -20.790782 | Longitude : 32.221527
mm 119 114 58 23 12 9 4 8 11 29 70 125
T 25.8 25.1 24.2 22.4 19.5 17.0 16.8 19.0 21.9 24.3 25.4 25.6
Tmin 19.8 18.4 18.1 15.6 11.6 8.9 8.2 10.5 13.3 16.8 18.8 19.4
Tmax 31.8 30.8 30.4 29.2 27.4 25.1 25.4 27.6 30.6 31.9 32.0 31.8

*jerera: http://en.climate-data.org/location/765246/
Latitude : -20.468413 | Longitude : 31.449903
mm 169 170 97 46 22 18 7 10 16 34 101 191
T 23.9 23.4 22.3 20.8 18.1 15.5 15.5 17.8 20.7 23.5 23.8 23.9
Tmin 18.5 18.1 18.6 14.3 10.8 8.1 7.8 9.5 12.6 16.1 17.8 18.3
Tmax 29.3 28.8 28.1 27.4 25.7 23.0 23.5 26.1 28.9 30.9 30.1 29.5

*manica: http://en.climate-data.org/location/6018/
Latitude : -19.505979 | Longitude : 33.438353
mm 231 194 133 49 19 13 9 12 16 38 109 213
T 24.1 24.2 23.1 21.4 18.7 15.9 16.0 17.9 20.3 23.3 23.9 24.0
Tmin 18.5 18.8 17.5 15.0 11.4 9.6 7.3 8.6 12.5 15.8 17.5 18.0
Tmax 29.8 29.8 29.0 27.9 26.1 24.3 24.1 28.3 28.4 30.8 30.4 30.0

*chikombedzi: http://en.climate-data.org/location/924365/
Latitude : -21.583333 | Longitude : 31.25
mm 116 108 58 33 12 8 3 4 12 24 70 111
T 26.7 25.8 24.9 23.1 20.1 17.6 17.7 19.7 22.6 24.9 25.7 26.4
Tmin 20.6 20.1 18.8 16.4 12.3 9.6 9.4 11.4 14.5 17.5 19.1 20.0
Tmax 32.9 31.6 31.0 29.9 27.9 25.7 26.0 23.0 30.7 32.3 32.4 32.9

*musina: http://en.climate-data.org/location/935/
Latitude : -22.338056 | Longitude : 30.041667
mm 78 63 38 19 7 4 3 2 6 26 54 68
T 26.5 26.1 25.0 23.3 20.4 17.0 17.4 19.3 22.2 24.8 25.7 26.2
Tmin 21.0 20.7 19.4 16.8 12.9 9.3 9.9 11.7 15.2 18.4 19.8 20.5
Tmax 32.0 31.5 30.7 29.7 27.9 24.8 24.9 26.9 29.3 31.3 31.7 32.0

*beitbridge: http://en.climate-data.org/location/765243/
Latitude : -22.216667 | Longitude : 30
mm 70 58 31 22 7 4 1 1 7 24 49 61
T 27.4 26.8 25.7 23.4 19.8 16.7 16.7 19.0 22.4 25.3 26.2 26.8
Tmin 21.6 21.2 19.8 16.8 11.9 8.8 8.2 10.7 14.9 18.8 20.1 20.9
Tmax 33.2 32.6 31.7 30.1 27.8 25.1 25.2 27.4 30.0 32.0 32.4 32.8

*chikwarakwara: http://en.climate-data.org/location/924362/
Latitude : -20.828611 | Longitude : 31.983611
mm 91 82 37 24 10 5 2 1 11 18 55 86
T 27.9 27.6 26.6 25.0 21.6 19.0 19.0 29.9 23.6 26.5 27.1 28.0
Tmin 21.4 21.7 20.2 17.9 13.8 10.5 10.3 12.2 15.6 18.9 29.4 21.5
Tmax 34.5 33.5 33.0 32.1 29.6 27.5 27.7 29.6 31.7 34.1 33.8 34.8

*the_outpost_lodge: http://en.climate-data.org/location/924360/
Latitude : -22.447524 | Longitude : 31.081352
mm 95 87 43 24 12 5 2 2 11 21 58 89
T 27.6 27.1 26.1 24.7 21.2 18.6 18.7 20.5 23.3 26.2 26.5 27.6
Tmin 21.1 21.3 19.8 17.7 13.4 10.3 10.2 12.1 15.4 18.7 19.9 21.0
Tmax 34.1 33.0 32.5 31.8 29.1 27.0 27.2 29.0 31.2 33.7 33.2 34.3

*chicualacuala: http://en.climate-data.org/location/56545/
Latitude : -22.083333 | Longitude : 31.683333
mm 77 74 36 20 7 5 2 1 8 20 59 71
T 27.7 27.9 26.8 25.0 21.8 19.2 19.1 21.1 23.7 26.2 27.0 27.8
Tmin 21.7 21.7 20.3 18.1 14.0 10.9 10.6 12.6 15.5 18.8 20.2 21.2
Tmax 33.8 34.1 33.3 32.0 29.7 27.5 27.6 29.7 32.0 33.8 33.9 34.5

*domasse: http://en.climate-data.org/location/56531/
Latitude : -22.508618 | Longitude : 32.606548
mm 95 94 38 24 7 9 2 1 6 21 66 56
T 27.4 27.8 26.4 25.2 22.0 19.6 19.2 21.4 24.0 25.7 27.1 27.6
Tmin 22.0 21.7 20.5 18.9 14.5 12.0 11.4 13.5 16.1 18.4 20.3 21.4
Tmax 32.8 33.9 32.6 31.6 29.5 27.2 27.1 29.4 31.9 33.1 33.9 33.9

*malvernia: http://en.climate-data.org/location/56543/
Latitude : -22.083333 | Longitude : 31.683333
mm 95 109 49 33 7 13 4 3 12 21 76 92
T 26.1 25.0 24.5 23.0 20.4 18.4 18.4 20.1 22.5 24.1 24.8 25.8
Tmin 20.4 19.9 18.6 16.9 13.5 11.6 11.8 13.1 15.2 17.3 18.5 19.7
Tmax 31.9 31.4 30.5 29.1 27.3 25.2 25.2 27.2 29.9 30.9 31.2 31.9

*mkhulu: http://en.climate-data.org/location/23894/
Latitude : -24.982946 | Longitude : 31.254387
mm 116 118 71 47 19 11 10 9 22 48 91 103
T 25.5 25.3 24.3 21.9 18.9 16.3 16.3 18.3 20.8 22.3 23.6 24.8
Tmin 19.9 19.8 19.6 15.8 11.7 8.5 8.5 10.7 18.7 16.1 17.9 19.2
Tmax 31.2 30.8 30.0 28.0 26.2 24.1 24.2 25.9 28.0 28.5 29.3 30.4

*dumisa: http://en.climate-data.org/location/924363/
Latitude : -22.227455 | Longitude : 31.386566
mm 95 87 35 24 7 6 2 2 10 18 60 89
T 27.9 27.5 26.5 24.8 21.9 19.6 19.6 21.5 24.1 26.2 27.0 27.9
Tmin 21.5 21.5 20.0 17.8 14.0 11.2 11.0 12.0 15.0 18.8 20.2 21.2
Tmax 34.4 33.5 33.1 31.9 29.9 23.0 28.2 30.1 32.3 33.9 33.8 34.6

*punda_maria_rest_camp: http://en.climate-data.org/location/772924/
Latitude : -22.72869 | Longitude : 31.017838
mm 108 113 57 30 14 5 4 3 11 31 71 99
T 26.0 25.3 24.5 23.2 20.3 18.2 10.1 19.8 22.1 24.5 25.1 26.3
Tmin 19.9 19.9 18.8 16.8 13.2 10.9 10.8 12.3 14.8 17.5 18.9 20.0
Tmax 32.1 30.8 30.2 29.7 27.4 25.5 25.5 27.3 29.4 31.5 31.3 32.7

*giyani: http://en.climate-data.org/location/27012/
Latitude : -23.31 | Longitude : 30.706389
mm 126 140 81 27 17 4 8 8 21 38 79 53
T 26.0 25.1 24.2 21.6 19.4 15.9 16.8 18.5 21.0 22.6 24.2 25.7
Tmin 20.4 19.9 19.1 15.9 12.3 9.5 9.4 11.1 14.1 16.3 18.4 19.9
Tmax 31.6 30.3 29.3 27.4 26.5 24.5 24.3 20.0 28.0 29.0 30.1 31.5

*ngwenani: http://en.climate-data.org/location/991612/
Latitude : -22.938574 | Longitude : 30.438644
mm 170 185 108 42 22 12 10 11 24 58 102 138
T 24.5 23.9 23.2 21.5 19.5 17.1 17.0 18.0 20.8 21.7 22.7 24.1
Tmin 19.4 19.2 18.8 16.1 13.0 10.5 10.0 11.0 14.5 16.0 17.4 18.9
Tmax 29.7 28.7 28.1 27.0 26.0 23.7 23.5 25.3 27.3 27.4 28.1 29.3

*malamulele: http://en.climate-data.org/location/765244/
Latitude : -23.012167 | Longitude : 30.716314
mm 145 160 92 36 20 7 8 8 21 46 90 98
T 25.2 24.6 23.6 21.9 19.6 17.2 17.3 18.9 21.1 22.5 23.6 24.9
Tmin 19.8 19.6 18.7 16.2 12.9 10.5 10.5 11.9 14.4 16.4 18.0 19.5
Tmax 30.7 29.6 28.9 27.6 26.4 24.2 24.1 25.9 27.9 26.6 29.3 30.6

*thsidzini: http://en.climate-data.org/location/498295/
Latitude : -22.850674 | Longitude : 30.651627
mm 134 145 79 35 17 7 6 8 18 41 84 104
T 25.7 25.0 24.2 22.5 20.1 17.8 17.7 19.4 21.7 23.2 24.1 25.5
Tmin 20.1 19.9 19.0 16.7 13.3 10.8 10.9 12.3 14.9 17.0 19.4 19.8
Tmax 31.3 30.1 29.4 28.4 27.0 24.0 24.6 26.5 28.5 29.4 29.9 31.2

*shingwedzi_rest_camp http://en.climate-data.org/location/772921/
Latitude : -23.055726 | Longitude : 31.396179
mm 68 82 45 26 10 5 5 4 11 31 64 76
T 27.4 26.6 25.7 23.2 19.7 16.7 16.9 19.0 22.1 24.0 25.7 26.7
Tmin 21.3 20.7 19.5 16.5 12.0 8.5 8.2 10.8 14.0 17.0 19.3 20.5
Tmax 33.6 32.6 31.9 29.9 27.5 25.2 25.6 27.4 30.2 31.1 32.2 33.1

*massingir: http://en.climate-data.org/location/56548/
Latitude : -23.921 | Longitude : 32.162
mm 87 88 59 32 12 10 10 5 14 28 66 87
T 27.7 27.5 28.1 24.1 20.8 17.9 17.5 20.0 22.7 24.7 28.2 27.4
Tmin 21.6 21.3 19.8 17.4 13.1 9.6 9.1 11.7 14.7 17.5 19.6 21.0
Tmax 33.9 33.8 32.5 30.8 28.5 26.2 26.0 28.4 30.8 32.0 32.8 33.9

*mabalane: http://en.climate-data.org/location/46274/
Latitude : -23.849 | Longitude : 32.621
mm 99 97 59 33 15 13 10 7 12 29 67 89
T 27.8 27.7 26.3 24.6 21.5 19.0 13.7 21.1 23.3 25.3 26.8 27.8
Tmin 21.6 21.4 20.0 18.1 14.0 11.2 10.7 13.1 15.3 17.9 20.0 21.2
Tmax 34.0 34.0 32.7 31.2 29.0 26.8 26.7 29.2 31.4 32.7 33.7 34.5

*mabote: http://en.climate-data.org/location/56532/
Latitude : -22.041 | Longitude : 34.132
mm 104 140 78 26 16 11 4 8 13 19 61 132
T 25.5 24.3 24.4 23.4 20.6 17.7 18.0 19.9 21.6 23.6 25.2 25.0
Tmin 19.4 19.2 18.6 17.3 13.5 10.9 10.5 12.5 14.5 16.8 18.9 18.9
Tmax 81.6 29.5 30.3 29.5 27.8 24.5 25.5 27.4 28.8 30.6 31.5 31.1

*chinhacanine: http://en.climate-data.org/location/417534/
Latitude : -22.265556 | Longitude : 32.9375
mm 115 112 68 41 24 19 15 14 19 36 73 98
T 27.6 27.3 26.0 24.4 21.5 19.2 13.7 21.0 23.1 24.9 26.6 27.5
Tmin 21.2 21.2 19.7 17.9 14.3 11.7 11.0 13.3 15.5 17.7 19.8 20.9
Tmax 34.0 33.4 32.4 30.9 28.8 26.7 26.5 28.8 30.6 32.2 33.4 34.2

*xai-xai: http://en.climate-data.org/location/4025/
Latitude : -25.05 | Longitude : 33.65
mm 116 125 92 68 76 54 39 31 33 54 86 113
T 26.2 26.2 25.3 23.8 21.1 18.7 18.4 19.8 21.7 23.4 24.7 25.7
Tmin 20.9 21.1 20.0 18.1 15.0 12.4 11.8 13.3 15.2 17.3 18.9 20.1
Tmax 31.6 31.4 30.6 29.5 27.2 25.1 25.0 26.4 26.2 29.6 30.5 31.4

*chipenhe: http://en.climate-data.org/location/417584/
Latitude : -24.948709 | Longitude : 33.465042
mm 116 154 97 80 62 46 31 27 31 53 80 112
T 26.2 28.2 25.2 23.8 21.2 18.9 18.8 19.9 22.1 23.9 25.0 25.8
Tmin 20.3 20.6 19.5 17.9 14.9 12.5 12.1 13.2 15.2 17.3 18.7 19.6
Tmax 32.1 31.8 30.9 29.8 27.5 25.4 25.5 26.7 29.1 30.8 31.4 32.1

*chibuto: http://en.climate-data.org/location/46273/
Latitude : -24.683333 | Longitude : 33.533333
mm 114 143 96 56 43 33 24 21 24 44 76 102
T 27.0 26.9 26.0 24.8 22.3 20.0 19.9 20.8 23.6 25.4 26.3 26.6
Tmin 20.4 20.9 19.9 18.5 15.8 13.7 13.4 14.1 16.2 18.2 19.4 19.7
Tmax 33.6 32.9 32.1 31.2 28.8 26.3 26.5 27.5 31.1 32.6 33.2 33.6

*funhalouro: http://en.climate-data.org/location/56544/
Latitude : -23.093 | Longitude : 34.384
mm 111 132 66 28 18 12 8 10 13 32 68 120
T 27.0 26.9 26.2 24.9 21.8 19.7 19.4 21.2 23.2 25.2 26.1 26.8
Tmin 19.9 20.2 19.6 18.0 14.4 12.3 11.8 13.1 14.9 17.1 18.5 19.4
Tmax 34.1 33.7 32.3 31.9 29.3 27.2 27.3 29.4 31.5 33.4 33.8 34.2

*sitila: http://en.climate-data.org/location/56402/
Latitude : -23.166522 | Longitude : 35.056711
mm 157 163 97 56 44 34 23 25 22 36 78 132
T 25.8 25.8 25.2 24.1 21.8 19.9 19.3 20.4 21.9 23.7 24.6 25.5
Tmin 19.6 19.7 19.4 18.0 15.5 13.4 12.6 13.7 15.1 17.0 18.3 19.2
Tmax 32.1 32.0 31.0 30.2 28.2 26.4 26.1 27.2 28.8 30.5 31.0 31.8

*machasi: http://en.climate-data.org/location/417471/
Latitude : -20.82301 | Longitude : 33.373862
mm 159 166 107 41 16 18 7 13 15 30 95 162
T 26.1 25.7 25.0 23.5 20.9 18.5 18.1 19.9 22.4 24.4 25.0 26.2
Tmin 20.7 20.8 19.6 17.6 14.0 11.4 10.4 12.5 15.5 17.9 19.7 20.6
Tmax 31.6 30.9 30.5 29.5 27.8 25.6 25.3 27.3 29.6 31.0 31.5 31.8

*chechangue: http://en.climate-data.org/location/926049/
Latitude : -21.837142 | Longitude : 34.350466
mm 120 148 92 32 19 14 7 12 14 21 69 144
T 25.5 24.8 24.5 23.3 20.7 18.0 18.1 19.8 21.5 23.6 25.1 25.1
Tmin 19.9 19.9 19.1 17.5 14.0 11.5 11.0 12.9 14.9 17.3 19.4 19.5
Tmax 31.1 29.7 30.0 29.2 27.5 24.6 25.2 26.8 28.2 29.9 30.8 30.7

*vilanculos: http://en.climate-data.org/location/52395/
Latitude : -22 | Longitude : 35.3167
mm 161 166 95 45 35 27 17 23 17 25 74 152
T 26.8 26.9 25.1 24.6 22.1 20.1 19.4 29.5 21.9 24.4 25.6 26.2
Tmin 22.7 22.5 20.7 19.5 18.4 14.5 15.8 15.1 16.8 20.3 21.7 22.2
Tmax 30.9 31.3 29.6 29.7 27.8 25.9 25.3 26.0 27.1 28.5 29.6 30.3

*inhambane: http://en.climate-data.org/location/32368/
Latitude : -23.866667 | Longitude : 35.383333
mm 148 134 115 72 57 55 35 29 31 37 80 146
T 27.1 26.9 26.4 24.9 22.7 20.8 20.4 20.9 22.3 24.0 25.2 28.3
Tmin 22.7 22.4 22.0 20.1 17.7 15.7 15.4 15.9 11.4 19.3 20.9 21.6
Tmax 81.5 81.5 30.9 29.8 27.8 25.9 25.4 25.9 27.2 28.8 29.5 31.0

*lindela: http://en.climate-data.org/location/56377/
Latitude : -24.097872 | Longitude : 35.27401
mm 148 135 102 67 58 55 37 32 35 40 80 133
T 26.1 26.2 25.6 23.6 21.5 19.7 19.2 19.6 21.4 23.2 24.5 25.6
Tmin 21.4 21.4 20.9 18.5 18.2 14.2 13.8 14.3 15.9 18.1 19.7 20.5
Tmax 30.9 31.0 30.3 28.8 26.9 25.2 24.6 25.3 26.9 26.4 29.4 30.7

*macia: http://en.climate-data.org/location/47425/
Latitude : -25.033333 | Longitude : 33.1
mm 120 174 101 81 47 42 25 26 35 55 75 119
T 25.5 25.4 24.5 23.1 20.6 18.2 18.1 19.5 21.6 23.5 24.5 25.2
Tmin 19.4 19.7 18.6 17.0 14.1 11.4 11.1 12.4 14.5 16.6 17.9 13.8
Tmax 31.6 31.1 30.4 29.2 27.1 25.0 25.1 26.7 28.7 80.5 31.2 31.7

*praia-do-Bilene: http://en.climate-data.org/location/925084/
Latitude : -25.275268 | Longitude : 33.241942
mm 119 155 101 85 59 47 33 29 35 60 80 110
T 25.7 25.6 24.7 23.3 20.9 18.6 18.6 19.6 21.5 23.3 24.4 25.2
Tmin 20.2 20.4 19.4 17.7 15.0 12.5 12.3 13.4 15.1 17.1 18.5 19.5
Tmax 31.2 30.9 30.1 29.0 26.9 24.6 24.9 26.3 26.0 29.6 30.4 31.0

*maputo: http://en.climate-data.org/location/535/
Latitude : -25.966667 | Longitude : 32.583333
mm 160 132 91 55 28 17 18 15 38 63 75 88
T 26.0 26.2 25.0 23.6 21.1 19.0 18.5 19.7 21.3 22.7 24.0 25.0
Tmin 21.6 21.8 20.4 18.6 15.3 12.9 12.4 13.7 15.8 17.8 19.3 20.4
Tmax 30.4 30.8 29.7 28.6 27.0 25.2 24.7 25.8 28.9 27.9 28.7 29.7

*moamba: http://en.climate-data.org/location/925083/
Latitude : -25.40799 | Longitude : 32.265389
mm 124 108 75 50 18 15 10 10 29 48 83 88
T 27.3 26.9 26.5 24.6 21.4 19.1 18.9 20.7 22.9 24.5 25.5 26.7
Tmin 20.9 20.9 20.5 18.2 14.1 11.4 11.0 12.9 15.8 17.4 18.9 20.0
Tmax 33.7 32.9 32.6 31.1 28.8 28.8 26.9 28.8 30.3 31.8 32.2 33.4

*naas: http://en.climate-data.org/location/924288/
Latitude : -25.67714 | Longitude : 31.8648
mm 125 112 72 41 18 15 10 12 33 57 84 93
T 26.2 26.0 25.2 23.2 20.6 18.0 18.1 19.7 21.7 23.4 24.4 25.6
Tmin 20.4 20.4 19.5 16.6 13.3 10.5 10.3 12.2 14.6 16.8 18.4 19.7
Tmax 32.0 31.6 30.9 29.6 23.0 25.7 26.0 27.3 26.6 30.0 30.5 31.5

*nelspruit: http://en.climate-data.org/location/635/
Latitude : -25.475298 | Longitude : 30.969416
mm 130 118 90 51 20 11 11 14 35 74 116 125
T 23.6 23.4 22.5 20.4 17.3 14.9 14.6 16.6 18.9 20.5 21.6 22.9
Tmin 18.3 18.2 17.2 14.4 10.1 7.1 6.7 9.1 12.0 14.5 18.2 17.6
Tmax 28.9 28.7 27.9 26.4 24.6 22.7 22.6 24.2 25.9 26.6 27.1 28.3

*beira: http://en.climate-data.org/location/3189/
Latitude : -19.833333 | Longitude : 34.85
mm 232 250 219 107 80 32 27 28 22 37 90 210
T 27.4 27.7 28.9 25.6 23.2 21.1 20.6 21.3 23.0 25.1 60.2 27.1
Tmin 25.4- 233 22.9 21.2 18.3 16.1 15.9 18.8 18.5 20.6 21.9 22.8
Tmax 31.5 31.3 30.9 30.1 23.2 26.1 25.3 20.1 27.0 29.7 30.8 31.4

*chimoio: http://en.climate-data.org/location/3996/
Latitude : -19.116667 | Longitude : 33.45
mm 231 228 156 58 25 19 18 22 17 41 112 218
T 23.8 24.1 23.1 21.7 19.4 17.6 17.4 18.9 21.3 23.3 23.4 23.6
Tmin 16.6 19.0 11.9 16.1 13.2 11.5 11.1 12.2 14.2 16.3 17.7 13.2
Tmax 29.1 29.2 28.3 27.4 25.7 23.6 23.7 25.? 28.4 80.4 29.1 29.1

*tete: http://en.climate-data.org/location/4858/
Latitude : -16.166667 | Longitude : 33.6
mm 170 155 88 13 4 5 3 2 2 10 54 137
T 23.2 23.5 27.7 26.9 24.4 21.8 21.7 23.9 26.7 29.7 30.0 28.9
Tmin 25.1 23.1 22.5 21.0 17.8 15.1 15.1 18.9 19.9 22.8 23.8 28.5
Tmax 33.3 33.9 33.1 32.3 31.1 28.6 23.3 30.9 33.5 36.7 36.4 34.5

*zumbo: http://en.climate-data.org/location/765235/
Latitude : -15.616667 | Longitude : 30.45
mm 184 175 74 11 3 0 0 1 1 9 62 173
T 26.8 26.8 26.7 25.9 23.2 20.4 20.4 22.3 26.5 30.0 29.6 28.1
Tmin 21.6 21.8 20.9 19.1 14.9 12.6 12.8 14.2 18.6 22.5 22.7 22.0
Tmax 32.1 32.1 32.6 32.7 31.5 26.3 23.3 30.5 34.4 37.6 36.5 34.2

*mucumbura: http://en.climate-data.org/location/56538/
Latitude : -16.189424 | Longitude : 31.693893
mm 187 178 77 13 0 0 0 0 0 8 53 180
T 25.7 25.2 24.4 22.9 20.2 18.1 17.6 19.5 22.6 25.6 26.2 25.0
Tmin 20.0 18.8 18.2 15.9 12.2 9.6 9.1 10.3 14.1 17.7 19.2 18.7
Tmax 31.4 30.3 30.7 29.9 28.3 26.6 26.2 28.3 31.1 33.5 33.3 31.3

*inhamitanga: http://en.climate-data.org/location/32366/
Latitude : -18.218889 | Longitude : 35.16
mm 239 193 173 58 38 36 23 19 13 20 88 170
T 26.7 26.9 25.9 25.0 23.0 21.1 20.8 22.0 24.2 26.7 27.4 27.0
Tmin 20.8 21.2 20.5 19.1 18.7 14.8 14.4 15.1 11.0 19.2 20.5 20.7
Tmax 32.7 32.6 11.5 30.9 29.3 27.4 27.2 28.9 31.4 34.3 34.4 33.4

*nicoadala: http://en.climate-data.org/location/56317/
Latitude : -17.588018 | Longitude : 36.695722
mm 249 202 195 96 55 45 41 28 15 15 81 174
T 27.3 27.5 27.1 26.1 23.9 22.4 21.7 22.8 24.9 27.2 28.0 27.7
Tmin 22.0 22.4 22.2 21.0 18.4 16.8 15.9 18.7 18.2 20.4 21.7 21.8
Tmax 32.7 32.7 32.0 31.3 29.5 28.0 27.6 29.0 31.6 34.0 34.4 33.7

*fingoe: http://en.climate-data.org/location/56520/
Latitude : -15.167319 | Longitude : 31.893259
mm 249 252 181 35 5 8 5 3 1 8 90 234
T 23.8 23.4 22.8 22.3 19.9 17.8 17.5 19.6 22.6 25.5 25.3 24.0
Tmin 18.4 18.8 17.6 16.5 13.7 11.8 11.1 12.8 15.3 18.1 18.8 18.2
Tmax 28.8 28.8 28.1 28.1 28.2 24.3 24.0 28.8 29.9 33.0 32.0 29.9

*jagarra: http://en.climate-data.org/location/56461/
Latitude : -16.1 | Longitude : 37.45
mm 302 287 275 115 47 41 38 30 18 23 111 230
T 25.4 25.5 24.5 23.6 21.3 19.3 19.0 19.1 23.0 25.8 26.0 25.4
Tmin 20.3 20.4 19.7 18.6 15.9 13.7 15.5 12.1 16.1 18.5 19.5 19.6
Tmax 30.6 30.6 29.4 23.6 26.7 25.0 24.5 26.2 29.9 33.1 32.6 31.2

*blantyre: http://en.climate-data.org/location/547/
Latitude : -15.786111 | Longitude : 35.005833
mm 262 207 181 65 14 12 10 6 5 29 100 215
T 22.3 22.2 21.7 20.9 18.9 17.4 16.7 18.3 21.0 23.3 23.4 22.7
Tmin 18.3 18.0 17.7 16.5 14.0 13.1 11.8 12.3 14.9 17.5 18.3 13.4
Tmax 26.4 26.4 25.8 25.4 23.9 21.7 2.1.6 23.8 27.1 29.1 28.8 27.0

*muchungue: http://en.climate-data.org/location/6020/
Latitude : -20.389687 | Longitude : 33.937454
mm 173 192 147 48 19 20 11 16 17 30 103 192
T 25.8 25.8 25.2 23.7 21.3 19.1 18.7 20.3 22.4 24.2 25.4 26.4
Tmin 20.6 21.0 20.1 18.2 15.0 12.7 12.0 13.7 15.9 18.2 19.8 21.1
Tmax 31.0 30.7 30.3 29.2 27.6 25.5 25.4 26.9 28.9 30.3 31.0 31.7

*mbabane: http://en.climate-data.org/location/2190/
Latitude : -26.316667 | Longitude : 31.133333
mm 229 198 141 76 38 19 22 29 62 117 171 195
T 19.8 19.7 18.7 17.3 14.6 12.2 12.3 14.1 16.1 17.7 18.7 19.5
Tmin 15.0 14.8 13.9 11.7 8.4 5.7 5.7 7.4 9.6 12.0 13.3 14.5
Tmax 24.7 24.8 23.6 22.9 20.9 18.8 18.9 20.8 22.6 23.5 24.1 24.7

*mokopane: http://en.climate-data.org/location/953/
Latitude : -24.180867 | Longitude : 29.0139
mm 94 68 63 33 5 11 1 2 14 42 75 87
T 23.4 23.0 21.7 19.3 16.0 13.0 13.4 15.9 19.4 21.6 22.1 22.8
Tmin 17.5 17.1 15.5 12.5 8.1 4.9 5.3 7.7 11.6 14.7 18.1 16.9
Tmax 29.4 28.9 28.0 26.1 23.9 21.1 2.1.5 24.1 27.8 28.5 28.2 28.8

*ermelo: http://en.climate-data.org/location/11358/
Latitude : -26.533333 | Longitude : 29.983333
mm 124 85 78 45 15 3 5 7 33 94 118 151
T 18.6 18.2 17.1 14.3 11.2 8.0 8.3 11.0 14.6 16.1 17.0 18.1
Tmin 12.9 12.5 11.0 7.9 3.8 0.2 0.2 2.9 6.7 9.3 11.0 12.2
Tmax 24.4 23.9 23.3 20.8 18.6 15.9 16.5 19.3 22.5 22.9 23.0 24.1

*emalahleni: http://en.climate-data.org/location/641/
Latitude : -25.872782 | Longitude : 29.255323
mm 119 90 79 49 16 7 6 7 23 71 115 111
T 20.1 19.6 16.3 15.3 11.9 8.7 8.7 11.4 14.9 17.6 18.6 19.6
Tmin 15.6 13.2 11.5 7.8 3.4 -0.5 -0.4 2.1 6.2 10.0 11.8 15.1
Tmax 26.6 26.1 25.2 22.9 20.4 1.7.6 17.6 20.7 23.7 25.3 25.4 26.2

*pretoria: http://en.climate-data.org/location/154/
Latitude : -25.746111 | Longitude : 28.188056
mm 128 89 80 48 19 6 6 8 19 68 112 115
T 22.4 21.9 20.5 17.8 14.1 11.2 11.0 13.7 17.3 20.5 21.1 22.0
Tmin 16.1 15.8 14.0 10.5 5.8 2.5 2.1 4.8 8.8 12.8 14.3 15.4
Tmax 28.8 28.3 27.1 25.2 22.5 20.1 20.0 22.8 25.9 28.3 28.0 28.7

*gaborone: http://en.climate-data.org/location/653/
Latitude : -24.658056 | Longitude : 25.912222
mm 85 80 59 33 11 4 3 4 11 37 59 71
T 25.6 25.2 23.4 19.7 15.9 12.7 12.5 15.5 20.2 23.2 24.6 24.9
Tmin 19.0 18.7 18.7 12.7 7.3 3.8 3.3 8.2 11.2 15.4 17.3 13.5
Tmax 32.2 31.8 30.2 26.8 24.5 21.6 21.8 24.8 29.2 31.1 31.4 31.6

*francistown: http://en.climate-data.org/location/2161/
Latitude : -21.173611 | Longitude : 27.5125
mm 100 95 52 28 8 2 0 1 8 28 61 90
T 24.8 24.1 23.1 20.9 17.3 14.3 14.5 17.0 20.9 24.3 24.7 24.4
Tmin 18.8 18.3 18.8 14.0 8.9 5.9 5.8 8.4 12.6 16.8 18.4 18.6
Tmax 30.8 29.9 29.5 27.8 25.7 22.7 23.1 25.7 29.2 81.8 31.1 30.2

*johannesburg: http://en.climate-data.org/location/3221/
Latitude : -26.204103 | Longitude : 28.047305
mm 139 108 91 62 21 9 7 8 28 74 118 125
T 19.9 19.5 18.6 16.0 12.8 10.0 10.3 12.8 15.8 18.1 18.8 19.4
Tmin 14.0 13.8 12.7 9.7 5.7 2.9 5.2 5.3 8.5 11.5 12.5 15.4
Tmax 25.8 25.3 24.5 22.3 19.9 17.2 17.4 20.3 23.1 24.8 24.8 25.4

*groblersburg: http://en.climate-data.org/location/56730/ 
Latitude : -23 | Longitude : 27.95
mm 70 69 42 25 7 2 2 2 5 25 60 71
T 26.7 25.5 24.3 21.6 17.1 14.1 14.3 17.2 21.3 24.7 25.9 26.3
Tmin 20.5 19.5 17.7 14.3 8.6 4.9 4.8 7.6 12.5 17.2 19.3 19.7
Tmax 32.9 31.6 30.9 23.9 25.7 23.3 23.9 26.6 30.1 32.3 32.6 33.0

*palapye: http://en.climate-data.org/location/56161/
Latitude : -22.55 | Longitude : 27.133333
mm 82 81 58 23 8 3 2 0 6 27 58 78
T 25.0 24.2 22.9 19.8 16.1 13.1 12.8 15.3 19.7 23.2 24.7 25.0
Tmin 18.7 18.0 18.4 12.4 7.2 8.8 5.1 5.9 10.7 15.5 17.9 18.4
Tmax 31.4 30.5 29.5 27.3 25.1 22.5 22.5 24.8 28.8 31.0 31.5 31.6

*serowe: http://en.climate-data.org/location/209097/
Latitude : -22.383333 | Longitude : 26.716667
mm 85 89 58 27 7 2 1 0 6 32 59 84
T 23.2 22.6 21.5 18.9 15.6 12.6 12.3 14.8 18.8 22.3 23.2 23.3
Tmin 17.0 18.4 15.1 11.5 8.8 3.6 5.0 5.7 9.9 14.8 18.5 16.8
Tmax 29.5 28.8 27.9 26.3 24.4 21.6 21.6 24.0 27.7 30.1 29.9 29.8

*lupane: http://en.climate-data.org/location/922629/
Latitude : -18.933333 | Longitude : 27.766667
mm 137 117 63 24 5 0 0 1 3 23 71 137
T 24.4 24.0 23.4 21.7 18.0 15.0 15.0 17.9 22.2 25.5 25.1 24.6
Tmin 18.2 17.8 18.1 13.5 8.4 4.8 4.2 7.2 12.2 16.8 17.7 18.1
Tmax 30.6 30.2 30.7 30.0 27.6 25.3 25.8 28.8 32.2 34.5 32.8 31.1

*rustenburg: http://en.climate-data.org/location/646/
Latitude : -25.654448 | Longitude : 27.255854
mm 117 100 95 37 18 9 7 8 18 55 86 113
T 23.7 23.1 21.6 13.3 14.6 11.7 11.5 14.3 18.1 21.3 22.3 23.2
Tmin 17.0 18.5 14.9 10.9 8.1 2.7 2.3 4.9 9.2 13.2 15.0 16.2
Tmax 30.5 29.7 28.3 25.8 23.2 20.7 20.7 23.? 27.1 29.5 29.7 30.3

*siabuwa: http://en.climate-data.org/location/25854/
Latitude : -17.467549 | Longitude : 28.056664
mm 185 157 81 20 7 1 0 1 0 19 87 165
T 24.7 24.4 24.5 23.6 20.7 18.5 18.4 20.9 24.9 27.7 26.4 25.2
Tmin 19.8 18.4 18.6 16.9 12.8 10.4 10.1 12.8 16.9 20.4 20.5 20.1
Tmax 29.7 29.4 30.4 30.3 28.7 26.6 26.8 29.3 33.0 35.1 32.4 30.3

*kariba: http://en.climate-data.org/location/30888/
Latitude : -16.522046 | Longitude : 28.850941
mm 184 155 91 27 5 1 0 0 1 13 70 180
T 26.3 25.7 26.0 25.4 22.9 20.5 20.3 23.0 27.1 30.2 28.7 26.7
Tmin 21.4 20.8 20.5 18.8 15.1 12.4 12.0 14.7 19.5 23.4 23.0 21.7
Tmax 31.2 30.7 31.8 32.1 30.7 28.6 28.7 31.3 34.9 37.0 34.5 31.7

*lusaka: http://en.climate-data.org/location/510/
Latitude : -15.416667 | Longitude : 28.283333
mm 215 183 87 28 4 0 0 0 2 17 91 204
T 21.4 21.4 21.0 20.1 18.0 16.2 16.0 18.3 21.8 24.4 23.2 21.7
Tmin 17.0 18.8 15.9 13.9 1.1.2 9.5 8.9 1.1.0 14.5 17.4 17.5 17.1
Tmax 25.9 26.0 26.2 26.3 24.9 23.1 23.1 25.? 29.1 31.4 23.9 26.4

*ndola: http://en.climate-data.org/location/3881/
Latitude : -12.990641 | Longitude : 28.649814
mm 287 257 173 48 4 0 0 0 3 30 136 300
T 21.3 21.3 21.1 20.2 17.4 15.1 15.2 17.6 20.8 23.2 22.5 21.4
Tmin 16.5 18.5 15.8 15.5 9.4 6.2 6.0 8.5 12.1 15.0 18.4 16.5
Tmax 26.1 26.1 26.5 26.9 25.5 24.1 24.5 26.? 29.6 31.4 28.7 26.4

*kaoma: http://en.climate-data.org/location/47418/
Latitude : -14.81194 | Longitude : 24.797398
mm 218 198 119 29 3 0 0 1 4 33 108 207
T 23.0 23.0 22.5 21.4 18.7 15.7 15.9 18.5 22.4 24.8 23.7 23.0
Tmin 17.8 17.9 18.9 14.0 9.9 6.0 5.9 8.5 12.9 16.5 17.4 17.9
Tmax 23.2 28.1 28.3 28.9 27.5 25.5 25.9 28.5 31.9 33.4 39.0 28.3

*katongo: http://en.climate-data.org/location/490100/
Latitude : -13.8 | Longitude : 23.016667
mm 215 192 119 31 3 0 0 1 3 33 105 201
T 23.3 23.2 22.9 21.9 19.2 16.3 16.5 19.1 23.1 25.5 24.2 23.3
Tmin 18.0 16.0 17.2 14.6 10.5 6.8 6.7 6.3 18.6 16.6 17.7 17.9
Tmax 23.6 23.5 28.7 29.3 27.9 25.9 26.3 29.0 32.7 34.1 30.7 28.3

*victoria-falls: http://en.climate-data.org/location/23281/
Latitude : -17.924353 | Longitude : 25.855894
mm 173 141 79 22 4 1 0 0 2 21 70 171
T 24.7 24.6 24.1 22.8 19.3 18.1 16.1 18.8 23.3 26.6 26.3 24.9
Tmin 19.1 18.9 17.8 15.2 10.4 6.9 6.3 9.1 14.0 18.2 19.2 18.9
Tmax 30.3 30.4 30.5 30.5 28.3 25.4 25.9 28.5 32.7 35.0 33.5 31.0

*kalomo: http://en.climate-data.org/location/32347/
Latitude : -17.029905 | Longitude : 26.478398
mm 188 189 77 26 4 1 0 0 3 23 87 183
T 22.2 22.2 21.4 20.3 17.0 14.3 14.1 16.6 20.6 23.7 23.6 22.6
Tmin 17.0 18.9 15.4 13.0 8.4 5.2 4.3 7.1 11.4 15.2 17.0 17.1
Tmax 27.4 27.5 27.5 27.6 25.6 23.4 23.5 26.1 29.9 32.2 30.2 28.2

*kariba: http://en.climate-data.org/location/30888/
Latitude : -16.522046 | Longitude : 28.850941
mm 184 155 91 27 5 1 0 0 1 13 70 180
T 26.3 25.7 26.0 25.4 22.9 20.5 20.3 23.0 27.1 30.2 28.7 26.7
Tmin 21.4 20.8 20.5 18.8 15.1 12.4 12.0 14.7 19.5 23.4 23.0 21.7
Tmax 31.2 30.7 31.8 32.1 30.7 28.6 28.7 31.3 34.9 37.0 34.5 31.7

*maun: http://en.climate-data.org/location/3218/
Latitude : -19.983333 | Longitude : 23.416667
mm 110 103 86 28 5 1 0 0 4 19 47 84
T 25.4 25.0 24.6 22.6 18.5 15.7 15.9 18.9 23.4 26.6 26.2 25.7
Tmin 19.1 19.8 17.7 15.1 9.5 6.7 6.9 9.7 14.6 18.3 19.2 19.9
Tmax 31.8 31.4 31.5 30.1 27.5 24.7 25.0 28.1 32.2 34.9 33.3 32.1

*lethlakane: http://en.climate-data.org/location/493463/
Latitude : -21.416667 | Longitude : 25.583333
mm 80 72 48 25 2 1 0 0 5 23 48 63
T 24.6 24.0 23.0 20.7 17.1 14.2 14.1 16.3 21.1 24.6 24.9 24.5
Tmin 18.3 17.7 18.4 13.3 8.2 5.2 4.3 7.8 12.2 16.6 13.0 18.1
Tmax 30.9 30.3 29.7 26.2 26.1 23.3 23.4 26.1 30.1 32.6 31.8 31.0

*mulobezi: http://en.climate-data.org/location/55104/
Latitude : -16.783333 | Longitude : 25.166667
mm 187 164 91 21 3 1 0 0 3 27 89 179
T 23.9 24.0 23.4 22.2 19.0 18.0 15.9 18.5 22.9 26.0 25.3 24.3
Tmin 18.3 18.4 17.5 14.7 10.1 6.4 6.0 8.5 18.2 17.4 18.6 18.5
Tmax 29.6 29.7 29.6 29.8 27.9 25.6 25.9 28.6 32.6 34.7 32.1 30.1

*plumtree: http://en.climate-data.org/location/31146/
Latitude : -20.5 | Longitude : 27.8
mm 124 113 68 35 8 3 1 1 6 31 85 123
T 21.9 21.5 20.8 19.4 18.7 14.1 14.5 16.8 20.3 22.7 22.2 21.9
Tmin 16.4 15.9 14.9 12.9 9.2 6.9 7.3 9.1 12.6 15.6 16.9 16.5
Tmax 27.5 27.1 26.8 26.0 24.3 21.4 2.1.? 24.5 28.1 29.9 28.5 27.5

*tshabalala: http://en.climate-data.org/location/27375/
Latitude : -25.05159 | Longitude : 31.178198
mm 130 125 88 57 22 13 14 12 24 59 107 117
T 24.7 24.2 23.3 21.0 18.5 16.1 16.3 18.0 20.3 21.5 22.8 23.8
Tmin 19.0 18.8 11.6 15.0 1.1.5 8.7 8.8 10.8 18.2 15.2 17.1 18.2
Tmax 30.4 29.7 29.1 27.0 25.8 23.6 23.8 25.5 27.5 27.8 28.5 29.4

